lfw_5590/Aaron_Peirsol_0001.jpg 88 173 94 179 106.750000 113.250000 146.750000 113.250000 129.250000 139.750000 108.250000 153.250000 146.750000 152.750000
lfw_5590/Abdullah_0001.jpg 80 163 92 175 106.250000 112.750000 148.250000 113.250000 126.750000 132.250000 110.250000 155.250000 137.750000 155.750000
lfw_5590/Adrien_Brody_0001.jpg 83 173 86 176 104.750000 111.750000 152.250000 108.250000 138.250000 139.250000 107.750000 159.250000 148.750000 156.250000
lfw_5590/Agbani_Darego_0001.jpg 83 172 89 178 101.750000 111.250000 148.750000 109.250000 115.750000 133.250000 107.250000 155.250000 143.750000 154.750000
lfw_5590/Akmal_Taher_0001.jpg 87 165 93 171 105.250000 114.250000 147.750000 113.750000 123.250000 139.250000 110.250000 155.750000 149.750000 155.750000
lfw_5590/Albrecht_Mentz_0001.jpg 86 162 92 168 107.250000 113.750000 141.250000 109.250000 126.250000 131.750000 113.750000 155.750000 143.250000 153.750000
lfw_5590/Alexandra_Jackson_0001.jpg 94 173 93 171 113.250000 114.750000 145.750000 112.750000 117.750000 135.750000 112.250000 158.750000 141.750000 157.750000
lfw_5590/Alexandre_Herchcovitch_0001.jpg 84 166 90 173 109.750000 108.250000 147.750000 113.250000 134.750000 122.750000 110.750000 154.250000 143.750000 156.750000
lfw_5590/Alexis_Bledel_0001.jpg 82 169 91 178 108.250000 115.750000 149.250000 113.750000 127.750000 136.250000 108.750000 150.250000 147.750000 149.250000
lfw_5590/Alistair_MacDonald_0001.jpg 84 162 93 171 103.250000 114.750000 145.250000 110.250000 127.750000 134.250000 105.750000 151.250000 147.250000 146.250000
lfw_5590/Al_Davis_0001.jpg 83 168 90 174 105.750000 109.750000 147.750000 113.750000 129.250000 136.250000 105.250000 150.750000 140.750000 151.750000
lfw_5590/Amer_al-Saadi_0001.jpg 84 180 87 183 105.750000 115.250000 146.750000 109.750000 120.750000 142.250000 115.250000 164.250000 150.250000 157.750000
lfw_5590/Andrew_Caldecott_0001.jpg 74 159 91 177 105.750000 111.250000 144.750000 112.750000 130.750000 138.750000 108.250000 159.750000 142.250000 159.750000
lfw_5590/Lauren_Killian_0001.jpg 80 166 94 180 103.250000 117.250000 142.250000 115.750000 120.250000 146.250000 110.250000 163.750000 142.250000 161.750000
lfw_5590/Linda_Sanchez_0001.jpg 84 170 88 175 101.750000 110.250000 146.750000 112.250000 124.750000 128.750000 104.750000 154.750000 139.750000 156.750000
lfw_5590/Lubomir_Zaoralek_0001.jpg 89 179 90 180 105.750000 115.750000 141.250000 111.250000 112.250000 137.750000 112.750000 160.250000 138.750000 156.250000
lfw_5590/Marc_Leger_0001.jpg 84 164 91 170 105.750000 109.750000 145.250000 110.250000 124.750000 128.250000 108.750000 153.250000 141.750000 152.250000
lfw_5590/Margie_Puente_0001.jpg 85 177 88 180 104.250000 110.750000 148.250000 112.750000 116.750000 135.750000 104.750000 154.250000 148.250000 157.250000
net_7876/7102_0_0.jpg 98 294 99 296 145.000000 138.000000 243.000000 137.000000 194.000000 201.000000 160.000000 241.000000 231.000000 240.000000
net_7876/7178_1_0.jpg 93 292 93 292 154.000000 140.000000 246.000000 145.000000 191.000000 204.000000 147.000000 224.000000 243.000000 232.000000
